52669
61530
4876
48440
56108
36678
90239
89272
20274
15204
62447
91449
43041
26199
63382
47953
64044
84443
10937
53947
63551
76193
72440
71709
53384
42663
24417
25138
90073
41906
17375
888
92773
49707
15536
20376
16360
76691
13173
45294
27428
27748
16098
12340
37541
4038
83861
7727
95046
76619
40067
61365
93709
49608
19598
1274
43441
38288
51699
39254
892
47534
97439
53652
98571
43614
41154
27577
72018
13609
99644
8111
84604
76796
58259
7438
97137
56900
1383
85286
83536
55912
70076
4395
52091
39394
68311
71101
6098
69851
92196
27474
74456
2370
7988
86883
23858
57865
24228
81904
87406
96061
14264
34640
12128
8896
3046
77370
76967
12324
83247
87977
85998
99333
64265
63151
81070
82532
97975
86489
52848
83772
66746
66427
60209
42723
57536
54200
71135
62079
93115
92207
20704
45602
70157
40165
82577
15555
45215
45804
85964
75258
29905
7149
5219
9912
19883
71479
91400
50177
54386
55139
13583
55463
32631
84803
62571
12196
50985
57415
93813
4755
37195
97292
48908
39436
91776
54306
74454
49178
54274
8504
6852
43323
41106
29670
15123
21844
86281
33814
431
8653
2605
93039
74322
89648
72992
92192
19274
41978
65426
20198
13721
38619
72631
89242
11350
43312
29748
52218
11184
17754
9106
33682
51923
43866
51284
85607
91939
41548
48325
14016
83685
15997
21003
92849
52958
52107
34137
75397
6514
72887
84352
70695
85038
71017
58788
65165
15490
18177
16749
8514
96486
81877
89780
68046
189
89356
12510
92133
44471
17397
45861
61897
72208
14117
74545
36860
80630
27499
1637
42438
59912
54098
79254
9535
24473
66739
92663
52953
63156
4051
77295
91821
36954
14176
42572
24961
90438
23748
63025
2771
99762
67364
7499
80901
90322
69079
43713
19621
19230
88486
77161
50391
89582
30781
16920
15713
38814
8587
84785
83699
20816
14139
96799
80177
28304
10127
286
318
59187
1654
92403
69222
69625
2635
73275
82536
28465
41610
36449
98783
31707
43758
43146
15500
96553
75724
34250
74338
33183
43078
60313
68941
10298
24397
59008
86239
45197
77622
30509
66745
87366
25783
24999
57586
90799
19839
27867
14663
36304
74895
35604
90207
61457
46425
28201
56186
14109
93523
18641
74966
51267
34840
79954
42813
76246
2268
59062
3342
60116
63465
84446
44582
6372
51770
1905
93515
80568
78548
91853
76533
69170
8828
98591
54809
60739
30361
94957
16435
85071
17799
4944
31792
98124
4245
51487
92662
75913
67356
35878
43120
33130
5788
75574
54969
29202
16692
62965
96356
64122
29150
56246
25926
3837
13445
23364
68033
26294
8803
92152
60461
96705
82876
11
25381
40254
93873
40997
3628
45685
74913
14739
93978
30707
92578
42518
64166
77426
84024
27288
74930
99126
5872
7770
87502
7604
65148
52137
42698
4109
99019
98352
9371
67928
52004
18150
62473
75678
81727
78472
40755
69823
80320
50977
73023
946
44241
58117
26338
47721
46875
75709
28648
43123
43136
81053
71489
78619
60376
41426
3656
34093
43813
97207
50993
46969
74773
96998
44751
81264
74229
95819
97887
62411
8141
32916
80596
74092
18619
22693
68512
72348
49551
78921
77563
98003
51393
85218
93587
86678
35562
641
66769
29306
42757
26097
26308
6598
11747
57006
72044
26295
13253
57363
49508
69758
71354
71441
15565
86756
76534
36219
39412
39309
63627
80382
81407
48250
69126
75631
86969
52552
26440
49852
49559
62391
62015
5380
3494
37253
77601
57698
52595
67064
12005
75589
183
80346
27870
65179
9565
35198
596
89291
18706
55522
16928
72066
85671
94509
23396
45318
1030
80631
35526
27846
73615
53864
53895
77490
79533
35832
80419
99431
47770
40406
23175
66530
8011
77252
36266
83126
71065
32192
56298
98393
6478
51421
13509
77817
7625
93487
33840
16267
90349
60902
33270
53956
45836
33010
7825
57472
20363
25093
97726
18144
58419
36374
50400
57713
85556
63521
99764
59367
84853
92939
93804
10921
5820
97764
17227
11301
69494
64261
76156
99460
57700
55065
24015
54648
15075
67928
41872
26066
94006
37902
66917
13041
96626
88091
42949
88565
93030
9875
42128
54289
1221
75526
39182
87198
51057
60089
48328
6988
98629
66323
34333
85587
5502
8596
58178
29416
93160
2783
58394
88940
58593
62905
8653
98078
62636
57098
68296
10545
8949
97408
55441
76952
47868
1362
9988
3197
49215
36450
9039
29489
94952
58492
36263
90045
37552
92219
92901
97784
14830
27723
93057
21873
77953
22345
3017
70028
41749
19526
82398
45162
42101
78826
63467
73952
67982
60982
22178
12010
97948
30914
52981
68504
83636
82404
72430
95910
23916
18386
68108
51018
31242
92479
58810
85863
59400
62241
9326
51294
26529
13172
63387
29124
39227
69271
89587
97678
42673
85363
33948
93320
33051
8444
1837
97670
31292
8625
99878
65650
95976
41885
94538
35908
24144
1696
99578
46416
15307
7431
77070
98360
36963
38231
41074
97250
48474
6634
40316
90117
10647
86256
35622
96221
37968
54742
91372
86302
83861
58276
63843
85413
71927
64384
75443
75945
53619
35697
26323
91696
17951
28958
49568
3231
67824
64212
57177
38058
80453
88614
27994
62409
86708
9199
90931
19083
46415
1107
28229
22212
33427
36355
888
28994
79725
41343
56604
26462
95688
5814
40826
58637
76247
9034
89557
40374
3163
61582
39587
52510
57778
48465
23522
89951
10206
57428
6105
15479
78061
85079
59724
40252
72137
40562
81723
17902
61438
27455
60952
97989
93347
65973
78307
37769
38471
85646
15747
10433
5178
72298
3587
1795
62197
58413
50151
86890
61478
79428
37770
69861
61660
77989
90902
61931
44236
52
64446
88525
40446
38914
84219
29924
48407
9775
21409
40746
51459
12976
44958
94852
70206
68588
38191
60156
37504
704
56382
63470
22723
76419
73947
3064
29618
80995
76214
20628
66960
20526
56663
86210
865
5165
73306
70782
95961
91147
12906
75506
94847
48627
63449
89028
93694
70743
50233
3919
4520
37389
64506
44527
57799
55252
73984
43798
81762
71668
45888
1660
33192
12067
2488
48211
35484
72068
51208
35800
83165
95882
61777
18725
55440
40315
49128
82852
85932
34927
93590
42046
17378
45848
12719
56370
36455
86779
14285
29953
35008
86364
55977
16997
66633
54136
13014
35554
53090
9004
75610
73013
81590
71347
60585
14153
43913
24908
10368
32360
45821
83642
39802
13710
82817
36708
23826
89274
42903
