14787
56429
11827
98497
5625
30700
86193
51226
3992
84366
36192
97266
60956
29590
15744
1414
61862
80284
78215
99601
52325
24618
68946
5559
14641
912
80886
55725
6800
62308
51893
52744
85595
42585
940
99424
36827
57275
26280
94049
14893
31909
71096
96431
82149
67263
79454
96019
58990
183
19968
54054
78927
65818
92827
12664
9034
28143
96183
35102
58974
79505
92277
69462
7948
74952
2404
97464
64214
31074
6675
83514
69955
18642
21026
52928
54304
98821
53297
86495
12928
36830
22874
67725
13860
10797
83834
29094
5142
42000
53546
28061
45807
2822
1740
45661
39481
88556
24289
53307
85166
31734
67927
89595
17119
13995
81152
87067
56273
97757
67549
62239
44673
49860
52249
66106
27688
90423
29619
31061
22618
51814
92244
21888
10665
26710
53950
34035
59142
83994
21573
89151
35975
28842
95767
64981
81988
73155
54710
5106
68028
53403
21831
49895
99028
18751
64483
34881
80031
62186
73675
19833
79514
58148
9368
74521
86318
52278
74896
80777
18520
3301
66453
38358
67429
83059
10519
25119
17175
83245
16010
45307
96965
75601
17330
52810
48158
74689
75386
57462
23533
6461
62437
24837
2457
14688
5916
44350
76484
24793
52421
83990
18611
66179
33844
33686
49100
45603
14908
20843
47131
72927
11518
36041
97296
5846
42626
58493
26082
89503
47364
11053
7447
86369
61957
88526
23355
57164
21730
72163
68653
97619
74050
27468
33722
34183
25672
72114
36609
8625
74792
59917
97461
36043
31415
95217
28129
94939
80732
90483
64869
39565
88162
14011
98751
524
72751
20104
95013
84541
1135
38842
52751
62521
69513
46176
31890
4453
44947
18238
69478
35695
7362
23067
66888
98566
84633
74469
4636
16054
28226
48353
12715
22975
68443
9715
72074
35858
59496
81958
56795
39943
45543
58872
42156
10174
38176
79685
7838
11280
59578
623
1152
30609
20491
28903
5721
37956
50024
42778
69669
95258
60762
86459
53719
41033
16338
54569
66204
11430
33619
94013
88384
76543
29453
14994
47722
73398
61034
42833
43266
42749
97729
30359
88531
17131
90376
5926
82252
76633
92647
69573
60352
30268
47144
948
9549
43679
10
9809
42106
71388
97908
36192
13593
39542
38022
30555
88748
47766
13964
51637
16164
48865
16556
79884
66500
38802
24926
51787
72004
9625
23483
43481
11473
24783
11662
57410
93746
8405
85320
84607
60358
70793
62256
21636
92265
18659
17079
97478
40597
98706
83784
80904
19205
48398
4382
84001
49269
40762
67313
65035
56933
10104
77096
39626
2909
92808
73938
21110
27786
3263
65136
86759
56325
26944
3177
82493
76693
63865
79297
92874
84683
60445
83684
95324
61772
56153
87069
31978
63884
35157
14211
11289
58164
48970
96242
9996
43846
13146
8087
66247
46264
92144
98341
71838
52988
12629
61766
59167
8960
89868
71883
69496
46033
21451
73348
95910
11866
65558
18763
51035
96075
48569
28922
31083
98805
10562
36317
69523
2929
23065
10210
2247
82080
64414
34957
67223
38797
14877
20008
89565
99151
76559
33112
49317
65931
69008
94794
21689
7190
80601
27788
50088
33687
87610
49049
33075
65707
24310
25804
88884
56963
92954
68854
30027
35079
4923
69194
27302
50494
37515
48245
30731
8005
92792
95915
90950
47677
20289
94684
84970
89762
86742
94086
63686
57045
68299
7300
43397
1307
54136
46564
50305
67294
70960
94743
48006
42705
35548
45921
83679
68113
52
61808
64127
14215
14233
11145
94765
66347
12562
29629
43629
7810
7649
20155
80103
77831
32800
14144
91319
45352
7582
72009
59152
78535
46992
51593
69837
99521
51829
25877
88182
51436
14955
1629
53419
35225
99144
68822
49168
88152
45302
94450
25205
43099
29837
78832
51393
2899
44398
84400
91
88471
20922
21343
36756
43075
35757
82672
95668
7676
11003
6188
87359
52145
95845
42272
388
30782
74583
73653
29026
72042
17921
27773
4375
52689
65968
70921
2055
35900
86184
29464
65061
61163
25633
75465
67137
33332
57147
34673
9582
67429
98784
83272
89775
87558
56660
18270
67805
96474
47835
299
18903
77124
64679
28004
13991
39911
18748
32618
54253
20197
74467
38748
55210
65449
60039
90700
26859
47104
10511
30159
12336
25665
65784
36462
62904
4526
63759
16250
4203
36242
77320
86557
57636
3274
56286
95691
95032
88833
83495
45238
68007
13940
55762
14177
49118
60180
98784
55948
50535
37129
40605
70031
33102
50003
59033
88610
8368
37612
58855
18073
51970
94058
50482
38989
38523
39456
96791
86260
12831
73220
51299
98515
50761
28427
34857
93898
94357
89009
38176
67789
63111
79029
30135
82675
92859
44544
37590
85512
81226
10278
34899
5981
53557
99173
75885
12959
14514
10635
3528
5509
26672
36532
67205
7139
59912
82288
8477
74331
70498
11075
3131
47123
15105
65350
56947
6913
77612
56620
36099
70563
56794
93855
1028
73484
44793
66760
45804
34041
77243
48749
49636
80865
29438
91700
72641
60746
78487
80582
89762
92505
40954
8943
77284
55521
68264
7170
21189
50557
65141
27065
61491
29176
39636
78714
49520
80009
79010
97654
27493
95709
88236
13227
22336
95533
71454
41001
2859
63630
51082
31729
9418
6726
73840
48312
50929
38652
49584
7084
39008
86537
63465
29614
70332
59243
20077
17693
30058
42105
36387
84435
79659
67600
87736
969
62031
61931
87076
54070
1335
73297
89173
69236
24043
35657
4506
47683
63188
53064
72109
76231
8120
55467
80829
55693
79312
95008
40183
67243
38567
39486
49649
31077
79377
58038
51924
5867
47973
43553
9251
44000
7417
12408
40460
29493
64633
12067
46953
52628
92835
1801
44211
39065
72610
40358
29413
2810
40036
42523
58216
31656
68090
53855
80384
97165
54092
41842
80594
71573
50295
79634
81168
87114
26341
61319
25699
68951
63335
13242
48820
16238
8752
37027
90935
65797
6769
31422
25972
59290
81548
84863
20659
25144
21400
89853
79011
88402
29713
75114
98632
37196
94008
11075
77887
26361
88846
93186
39566
66302
83913
40657
29837
37013
23760
6073
65707
23406
1945
77496
22431
27185
47965
62449
67308
49567
3892
99869
28079
88022
80018
71520
69704
14610
23965
92823
39523
47312
76810
73325
2658
2414
14099
5228
61961
51983
53368
78960
59653
23514
54191
80375
55418
6946
56681
8661
25703
42849
27266
67076
69208
52733
8516
52985
62120
75052
47193
89266
28881
90612
73067
79115
12114
5131
14491
31023
65691
