83132
87517
90334
9473
76392
55220
30456
41318
51295
2343
61195
71457
69883
29176
65392
48747
82717
63753
3218
48135
83885
55898
79259
78928
39512
25055
58638
92699
15640
84509
60883
62088
92626
6402
93260
39243
27417
86302
13447
7697
84560
95649
3020
30609
3660
15634
65558
71920
99223
11242
89950
26865
78929
35755
53139
44535
22097
81920
80390
15128
27210
40274
8482
3489
50633
60739
88057
64608
50586
84651
77433
96978
4394
60109
58237
61961
51302
72854
92672
56505
55363
24497
29068
30815
29143
83913
86865
43118
64293
69404
64529
35192
95030
86584
51671
26358
35682
41334
26184
29300
12975
70704
78738
85020
67344
33951
55650
88445
31310
54581
29810
46647
85700
63220
97566
82950
46148
89257
43543
34761
66423
38825
9873
20110
92386
85350
9687
26588
31108
85165
1951
2204
33755
91200
98071
36804
25863
1579
10526
83713
7654
71589
48656
63617
9407
13925
61785
26619
11194
31710
28555
66043
83820
43737
84747
43374
36688
76749
78981
91878
78577
92382
16736
59594
51268
73935
1259
41374
1970
65797
81783
61002
69620
20121
415
90601
96599
76185
87361
70865
47551
92541
95921
19610
38247
55585
67747
61484
95814
53764
85605
7721
23501
64731
4719
97844
97805
85362
88339
18717
88246
53344
46255
84203
36570
10598
81473
77156
60977
14181
34426
11324
49493
69241
95691
48087
74733
1813
89084
156
92166
83964
83260
59609
41309
58201
306
96397
56634
14620
74706
10838
14199
59090
28107
4600
64062
96255
97405
65510
55184
4059
10696
45264
35521
71398
22431
37961
23873
78953
34459
6291
48182
58763
85997
24233
70053
89804
30571
21897
94031
9474
95212
8285
19832
41773
61678
3461
42179
34745
87252
40290
41529
77424
44398
62209
78312
57625
92144
55906
91304
88177
51396
21988
23897
40868
99420
71374
72936
25864
33055
53661
55312
87735
3845
30053
82013
91111
58526
45830
29804
66023
76972
78093
34607
13464
45905
10467
18636
84293
69346
76022
52645
96769
14331
95394
63250
37308
86541
5724
60010
73505
67762
83003
3169
4367
30945
55299
97099
44562
9789
87343
97471
55902
78696
89659
68343
41671
89205
8427
28979
29919
71642
89531
28445
36525
63236
60771
3527
21606
81189
3047
5200
86347
18024
64729
52710
90303
3301
24779
98118
44643
9104
92245
36959
43312
908
45535
98452
27793
34909
29868
10176
64058
75387
60771
77171
80904
99106
89978
22459
48823
36071
2626
20606
42586
87461
78954
50691
97882
54484
26800
46449
62254
25307
89963
65007
63924
71741
61646
18635
35785
52975
84985
15734
42795
31561
51202
71980
6280
34747
62236
15761
50562
83799
44993
62615
68097
85804
59553
84157
87189
65363
3847
56177
58663
15810
91940
95669
13947
75069
99163
92063
58533
39789
8136
16731
46852
99081
38766
9996
33823
38896
5307
81519
26619
19993
13114
93408
82870
76226
32949
64086
96995
76612
92772
13065
13506
36936
12438
68404
24891
45011
58875
43765
71735
33084
8589
90610
48188
57502
54297
70773
88195
66472
75085
98520
47415
79218
55327
25212
76108
46123
76343
74931
45913
33293
20250
38782
46163
62226
51477
32240
92968
11584
24450
8561
74805
21215
93402
97726
2852
17036
13303
45646
87814
49446
66340
46032
34825
49349
60804
1712
37366
55754
33468
64568
48969
50482
48158
18931
13838
83236
63507
18381
52149
51946
81956
50582
5873
52156
22500
38405
86802
26199
33982
94233
33693
8429
18486
35771
59461
80662
65823
80447
67305
26693
98841
83785
95210
94613
39620
59981
88550
81826
6469
66991
22006
76436
55572
7528
74624
18613
66688
59370
92570
27716
65055
73723
78908
6658
32374
99773
10688
33354
96194
52366
9881
91774
63296
31595
60845
34940
42271
8111
45425
68591
7392
11609
95424
54786
19559
6508
89366
42863
65153
7985
85231
42870
65265
46263
51351
24681
16697
41402
17678
17892
91457
44128
15098
33914
26151
35616
83433
45290
94084
31550
11649
96560
28503
64913
86630
75256
75472
37318
47208
37710
53211
88701
4773
24241
12806
8177
69698
95686
94481
91318
79682
92040
48881
43098
55904
71965
99457
36397
18767
75939
26279
30237
61324
53609
64350
31290
19100
62171
23876
80953
73191
85398
89538
14484
23985
16761
64531
64590
61713
26940
90131
61173
59920
34362
96390
86848
26591
66250
33603
57751
27989
41196
41627
78161
20036
62846
88489
20760
71895
59086
17655
11914
53354
23466
86346
93145
70982
89043
10508
7634
30488
30928
9268
85915
57868
88863
54484
8052
44395
5734
98527
64672
63758
95336
55253
58430
48030
67379
67660
4175
51402
54006
7932
90332
65796
66799
22695
45136
9145
7618
98468
92896
19242
62726
82759
29228
10571
38938
94382
96733
81656
82165
2634
5390
84751
22363
61768
29127
67694
33739
89051
53412
70570
2933
40776
42356
60393
20265
44398
88957
12508
94027
82544
99325
24061
79650
87200
10284
23297
66927
15977
65053
88601
27611
71097
26531
38411
48714
63017
16496
53288
25227
40587
75673
37194
95473
11919
32245
79916
76604
45170
37892
33158
44944
45667
72908
74371
92680
11347
62815
12865
93923
72953
47705
91972
73564
56191
37829
53783
4375
56748
75390
97696
12151
18767
14547
47807
53357
39557
55428
867
4908
21799
17193
29481
51511
95315
21106
92177
23803
68180
80905
27487
39769
3249
53908
18859
22491
94448
51830
69894
70472
4133
38677
6826
99155
26011
75990
94396
52782
76925
39620
64768
7996
90433
10832
4665
63459
96433
72818
20924
69600
67384
95214
33999
75893
86566
71346
14628
91902
79488
53020
74220
60801
89031
19448
89274
91331
42723
41190
23893
14263
61195
83258
96472
4977
25940
24925
89706
21625
67028
72753
14870
58171
68049
88754
43238
36699
41803
58200
86049
3558
94243
43833
42110
73476
88807
36779
40931
42826
39803
37063
43199
98060
69445
3881
11040
46223
49812
82612
177
31484
72558
6739
16340
73936
24501
59450
39288
38256
37078
48746
20279
45210
13582
21971
88175
90999
73368
25108
22971
29773
65879
8094
13453
36305
58109
89238
58570
90009
55606
53849
24930
25200
66644
48859
91594
28610
79639
4008
81464
70007
86840
18123
27162
44765
97139
65421
85940
86909
48463
36340
85716
36528
42284
82285
20659
17867
78695
40101
92203
9685
64684
45585
35727
62809
18009
35757
5516
50999
459
64929
71802
13908
77928
91488
97630
49682
36200
65130
28384
77083
7072
