82223
46683
85863
43644
19276
3717
28004
99348
42065
52426
3635
37350
10224
99166
93570
78019
68750
12367
59481
11039
18655
49187
99955
87553
91693
30516
9449
86058
58584
69925
4554
69407
49335
3807
60231
72628
72764
41452
89482
1047
79670
16143
327
51543
51504
83614
43819
15439
30615
36062
37169
55186
31897
93561
94579
7348
19208
64286
66494
74451
32989
19734
87582
98561
76858
75582
40312
46703
55304
57670
39671
57207
70975
90213
75741
81062
66660
39094
62971
30212
15820
11539
52541
36322
95999
57964
56508
55518
68504
40164
66007
49334
72265
68233
64348
26343
39707
3278
88703
13792
34866
94214
10573
19720
21519
91551
38587
60681
66864
92409
95159
20663
90258
41122
17280
69505
94422
71375
146
78963
39906
26712
96889
72165
41886
69745
56455
73860
94814
96577
13888
5179
62400
32513
42482
85406
78731
83891
66659
25394
23448
55675
77218
38108
65964
97598
19904
16069
24355
79094
7287
18278
1449
78864
84392
23350
21665
84547
82179
69389
8041
4652
59199
20500
62836
56234
99018
10252
43767
89875
66298
29495
7232
22993
70561
29030
15711
36125
64575
50112
51561
43222
39089
69516
46065
57470
808
47740
66583
3890
86645
5014
6365
27939
90463
53023
20052
97686
46071
83398
11382
50068
18819
14027
59148
44494
23223
69002
69327
46674
16002
52552
30091
44962
50147
16857
84192
54103
81212
57803
24546
50354
71199
41458
6625
4890
66310
97041
66787
91543
85535
57410
32492
36106
4803
2818
37759
66759
87560
10044
88287
36016
8588
43728
83407
52591
24498
86816
64567
37135
95529
30615
47240
53848
34888
26198
2230
35653
90806
13789
57828
46916
98213
74770
61374
27113
53727
67024
45247
70735
70008
85135
20147
86732
12611
58028
17655
5712
97377
38774
28573
52122
74707
48053
19531
24951
49713
76118
73603
17208
61332
77590
46269
41198
25165
81483
38128
93093
53208
28938
32176
57786
83659
44408
31249
96699
33833
58961
80009
14233
47956
97166
60052
63596
89438
30807
69393
83780
62464
62757
58473
48135
69859
84306
55600
17804
45660
2304
23077
5106
14421
21731
62484
64061
51142
81195
21146
8175
35555
12593
104
79295
12431
32574
86912
47385
5006
62771
47324
53490
32216
5496
96847
28485
32169
3524
60547
71087
22485
41446
1025
87012
84537
6702
8208
61356
79500
55163
11540
4797
73973
34146
41943
55958
33494
86360
92678
75285
52198
78428
31570
92949
43453
36515
84887
43752
17640
93057
10905
67853
80348
73841
35562
77646
62503
40801
20776
82521
14306
25437
69763
96281
77986
60247
71612
57968
48398
11504
30761
68499
74347
40614
90262
61346
89459
91929
85221
13122
8869
26363
47766
74297
66101
61876
78753
50918
29156
7311
15680
49722
18602
60677
74058
71031
5840
59748
53690
69699
46106
38747
65038
57897
41377
13989
18411
3724
45791
21871
64414
5481
63748
94856
30046
68584
25701
15524
45357
46334
80660
76685
66428
98307
29194
91846
95182
36459
46209
6685
30773
16515
77503
77165
80441
82217
23628
94285
29943
70344
48612
12281
72390
83215
19944
94202
18804
9805
64879
59701
27951
73804
27226
81485
79168
14215
90598
80309
68850
94504
16250
71670
44273
95139
38463
21818
19853
23912
14447
2451
61053
38729
97703
91050
94304
50249
54678
50919
22814
7037
73720
61370
91054
47106
44220
72421
43889
21722
13504
57542
70043
37572
63839
42724
76690
58679
20448
97717
7374
1179
81744
16329
43073
69540
78794
80471
13552
76939
70547
12834
69215
13963
71426
12936
24395
55157
21244
70247
29809
82833
94558
80172
27212
46962
7027
66425
33275
79891
50310
41682
79649
30324
64529
83589
86662
67020
10579
48500
49115
27305
160
50912
17179
5355
62163
62803
91533
31129
98207
649
44773
28767
13475
9468
5642
44421
75803
16619
92338
69101
99507
73351
23690
77032
51255
23130
19154
87733
47525
8212
49317
66903
24260
74003
47606
13714
62030
80206
86678
10306
83017
88510
36946
90520
87699
20618
12472
46194
19995
18029
49658
21302
80653
85830
53580
98091
72325
91388
35112
39412
3589
32428
98289
20201
6754
18480
95828
29523
88056
3694
88746
82020
38013
6234
44154
41393
89939
52809
21819
53838
43383
30131
29655
66980
29815
23620
26380
99057
99553
2527
47212
91612
66326
175
75076
57651
41341
89164
93049
28963
67379
42118
54446
66803
31680
61330
83650
5886
6886
58286
72503
14827
98291
2290
88781
1162
45333
18548
33389
88045
67341
97176
33986
94721
33788
7379
43681
86984
67898
38650
52681
67125
75749
53612
61413
3971
77335
54392
42351
47857
7984
6668
51279
68990
75570
72796
87553
83485
94156
25547
94132
94517
17166
83289
40718
14552
5339
58441
30349
52190
445
79694
45288
78557
77970
31794
37556
46183
18851
63778
40195
76000
42806
20953
32327
46491
87769
39175
71157
69328
7391
67389
43940
80412
7176
89080
24372
35028
48088
25832
95307
5895
72041
74364
71258
28848
99548
20908
58687
82677
54315
96899
92100
92095
79290
5254
67652
22710
64044
90629
36942
73592
43378
28317
73314
70997
68990
8200
35320
96586
97110
35842
77280
56729
27747
17880
22084
57185
16649
83471
34249
34879
88465
68207
12212
27649
36002
84106
53866
4546
40143
7980
74000
69319
9162
76768
79121
57941
76789
55101
26750
39149
86009
9772
83407
71846
83568
68407
72072
51717
42652
33327
39319
47995
24955
29338
31225
68602
26322
35383
97052
57269
40006
78575
56927
51668
63945
33210
278
91281
29010
45355
86410
7858
42085
29402
15453
72675
80626
6123
73131
66831
51258
37568
56716
5915
3755
91352
41526
4895
9228
85730
54015
97378
88916
80578
15455
16593
62709
34367
12436
76315
11510
4390
75904
99852
75359
39647
43309
67588
60045
34474
113
40531
77957
213
63500
7508
76485
15485
53518
19043
2966
95838
38902
24124
67326
92922
19893
61490
85586
29986
61872
6568
20520
17539
59620
59343
37866
95631
33028
77789
31175
79879
31934
68198
59939
14755
42045
82586
63375
97886
12487
61211
72595
79296
89862
69881
77992
96649
95267
94891
89154
52087
40142
56396
70826
24853
10394
26320
58570
94112
85670
69314
91330
918
97719
96571
36120
14813
22912
87489
62603
2734
97700
52602
31368
9404
35666
3627
6613
37
83982
53649
57963
22420
94161
56827
59970
73583
2919
86370
61124
67556
48918
41767
42659
10443
76958
70343
85606
95544
